{
 "cells": [
  {
   "cell_type": "code",
   "execution_count": 4,
   "metadata": {},
   "outputs": [],
   "source": [
    "def accuracy(TP, TN, FP, FN):\n",
    "    return (TP+TN)/(TP+TN+FP+FN)\n",
    "\n",
    "\n",
    "def sensitivty(TP, P):\n",
    "    return TP/P\n",
    "\n",
    "\n",
    "def specificity(TN, N):\n",
    "    return TN/N\n",
    "\n",
    "\n",
    "# random accuracy\n",
    "def rand_acc(TP, TN, FP, FN, T):\n",
    "    return ((TN+FP)*(TN+FN)+(FN+TP)*(FP+TP))/(T*T)\n",
    "\n",
    "\n",
    "# https://www.standardwisdom.com/2011/12/29/confusion-matrix-another-single-value-metric-kappa-statistic/\n",
    "def cohens_kappa(TP, TN, FP, FN, T):\n",
    "    return 1-((1-accuracy(TP, TN, FP, FN)) / (1-rand_acc(TP, TN, FP, FN, T)))\n"
   ]
  },
  {
   "cell_type": "code",
   "execution_count": 3,
   "metadata": {},
   "outputs": [],
   "source": [
    "import os\n",
    "import sys\n",
    "import numpy as np\n",
    "import pandas as pd\n",
    "import matplotlib.pyplot as plt\n",
    "import statsmodels.tsa.stattools as st\n",
    "import seaborn as sn"
   ]
  },
  {
   "cell_type": "code",
   "execution_count": 16,
   "metadata": {},
   "outputs": [],
   "source": [
    "def main():\n",
    "\n",
    "    df = pd.read_csv(\n",
    "        'C:/Users/1evsa/Desktop/M/proj/rootanalysis/dados/Mock_dataset/MockDataset_train.csv')\n",
    "\n",
    "    df['DerivedFlag'] = df['DerivedFlag'].fillna(0)  # retirar nan da coluna\n",
    "    df['Date'] = df['Date'].str.replace('-', '')\n",
    "    df = df.astype({'DerivedFlag': 'int32'})\n",
    "\n",
    "    # data frames to save the best results from granger causality tests\n",
    "    df_ssrf = pd.DataFrame()\n",
    "    df_ssrchi = pd.DataFrame()\n",
    "    df_lrtest = pd.DataFrame()\n",
    "    df_parmf = pd.DataFrame()\n",
    "\n",
    "    groups = pd.unique(df['GroupKey'])\n",
    "    #groups = groups[:1]\n",
    "    for group in groups:\n",
    "        print(group)\n",
    "        gr = df[df['GroupKey'] == group]\n",
    "        pks = pd.unique(gr['PrimaryKey'])\n",
    "        root = df[df['PrimaryKey'] == group][['Date', 'Value']]\n",
    "\n",
    "        _ssrf = {}\n",
    "        _ssrchi = {}\n",
    "        _lrtest = {}\n",
    "        _parmf = {}\n",
    "\n",
    "        num_lags = 15\n",
    "        pks = pks[1:]  # remove A1(root) form keys\n",
    "        for key in pks:\n",
    "            flag = df.loc[(df['PrimaryKey'] == key), 'DerivedFlag'].values[0]\n",
    "            rel = df[df['PrimaryKey'] == key][['Date', 'Value']]\n",
    "            VAR = pd.merge(root, rel, how='outer', on='Date')\n",
    "\n",
    "            gc = st.grangercausalitytests(\n",
    "                VAR[['Value_x', 'Value_y']], maxlag=num_lags, verbose=False)\n",
    "\n",
    "            ssrf = {'score': 0, 'lag': 0, 'flag': flag, 'prediction': 0}\n",
    "            ssrchi = {'score': 0, 'lag': 0, 'flag': flag, 'prediction': 0}\n",
    "            lrtest = {'score': 0, 'lag': 0, 'flag': flag, 'prediction': 0}\n",
    "            parmf = {'score': 0, 'lag': 0, 'flag': flag, 'prediction': 0}\n",
    "\n",
    "            for lag, item in gc.items():\n",
    "                if item[0]['ssr_ftest'][0] > ssrf['score']:\n",
    "                    ssrf['score'] = item[0]['ssr_ftest'][0]\n",
    "                    ssrf['lag'] = lag\n",
    "                if item[0]['ssr_chi2test'][0] > ssrchi['score']:\n",
    "                    ssrchi['score'] = item[0]['ssr_chi2test'][0]\n",
    "                    ssrchi['lag'] = lag\n",
    "                if item[0]['lrtest'][0] > lrtest['score']:\n",
    "                    lrtest['score'] = item[0]['lrtest'][0]\n",
    "                    lrtest['lag'] = lag\n",
    "                if item[0]['params_ftest'][0] > parmf['score']:\n",
    "                    parmf['score'] = item[0]['params_ftest'][0]\n",
    "                    parmf['lag'] = lag\n",
    "\n",
    "            _ssrf[key] = ssrf\n",
    "            _ssrchi[key] = ssrchi\n",
    "            _lrtest[key] = lrtest\n",
    "            _parmf[key] = parmf\n",
    "\n",
    "        df_ssrf = pd.concat(\n",
    "            [df_ssrf, pd.DataFrame.from_dict(_ssrf, orient='index')])\n",
    "        df_ssrchi = pd.concat(\n",
    "            [df_ssrchi, pd.DataFrame.from_dict(_ssrchi, orient='index')])\n",
    "        df_lrtest = pd.concat(\n",
    "            [df_lrtest, pd.DataFrame.from_dict(_lrtest, orient='index')])\n",
    "        df_parmf = pd.concat(\n",
    "            [df_parmf, pd.DataFrame.from_dict(_parmf, orient='index')])\n",
    "\n",
    "    frames = [df_ssrf, df_ssrchi, df_lrtest, df_parmf]\n",
    "\n",
    "\n",
    "    tests = []\n",
    "    tests += (conf_m_analysis(df_ssrf, [5, 10, 15, 25, 40], 'ssr_ftest'))\n",
    "    tests += (conf_m_analysis(df_ssrf, [5, 10, 15, 25, 40], 'ssr_chi2test'))\n",
    "    tests += (conf_m_analysis(df_ssrf, [5, 10, 15, 25, 40], 'lrtest'))\n",
    "    tests += (conf_m_analysis(df_ssrf, [5, 10, 15, 25, 40], 'params_ftest'))\n",
    "\n",
    "    t = pd.DataFrame(tests)\n",
    "    print(t)\n",
    "    \n",
    "    return t\n",
    "\n",
    "\n",
    "def conf_m_analysis(df, thresholds, m):\n",
    "    metrics = []\n",
    "    for threshold in thresholds:\n",
    "        df['prediction'] = df[df['prediction']] = 0\n",
    "\n",
    "        df.loc[df['score'] > threshold, ['prediction']] = 1\n",
    "\n",
    "        conf_m = pd.crosstab(df['flag'], df['prediction'])\n",
    "\n",
    "        T = (len(df))\n",
    "        P = len(df[df['flag'] == 1])\n",
    "        N = T - P\n",
    "        TN = conf_m[0][0]\n",
    "        FP = conf_m[0][1]\n",
    "        FN = conf_m[1][0]\n",
    "        TP = conf_m[1][1]\n",
    "\n",
    "        acc = accuracy(TP, TN, FP, FN)\n",
    "        sen = sensitivty(TP, P)\n",
    "        spe = specificity(TN, N)\n",
    "        kappa = cohens_kappa(TP, TN, FP, FN, T)\n",
    "\n",
    "        metrics.append({'test': m, 'threshold': threshold,\n",
    "                        'acc':  acc, 'sen': sen, 'spe': spe, ' kappa': kappa})\n",
    "    return metrics\n",
    "\n",
    "\n",
    "\n",
    "\n",
    "# SHOW HEAT MAP DA MATRIZ DE CONFUSÃO\n",
    "# conf_m = conf_m.apply(lambda r: r/r.sum(), axis=1)  # percentagens\n",
    "# sn.heatmap(conf_m, annot=True, fmt='.2f')\n",
    "# plt.show()\n"
   ]
  },
  {
   "cell_type": "code",
   "execution_count": 17,
   "metadata": {},
   "outputs": [
    {
     "name": "stdout",
     "output_type": "stream",
     "text": [
      "A1\n",
      "B1\n",
      "C1\n",
      "D1\n",
      "E1\n",
      "F1\n",
      "G1\n",
      "            test  threshold       acc       sen       spe     kappa\n",
      "0      ssr_ftest          5  0.596939  0.839286  0.500000  0.255720\n",
      "1      ssr_ftest         10  0.785714  0.785714  0.785714  0.521173\n",
      "2      ssr_ftest         15  0.836735  0.714286  0.885714  0.600000\n",
      "3      ssr_ftest         25  0.826531  0.500000  0.957143  0.518219\n",
      "4      ssr_ftest         40  0.795918  0.321429  0.985714  0.380531\n",
      "5   ssr_chi2test          5  0.596939  0.839286  0.500000  0.255720\n",
      "6   ssr_chi2test         10  0.785714  0.785714  0.785714  0.521173\n",
      "7   ssr_chi2test         15  0.836735  0.714286  0.885714  0.600000\n",
      "8   ssr_chi2test         25  0.826531  0.500000  0.957143  0.518219\n",
      "9   ssr_chi2test         40  0.795918  0.321429  0.985714  0.380531\n",
      "10        lrtest          5  0.596939  0.839286  0.500000  0.255720\n",
      "11        lrtest         10  0.785714  0.785714  0.785714  0.521173\n",
      "12        lrtest         15  0.836735  0.714286  0.885714  0.600000\n",
      "13        lrtest         25  0.826531  0.500000  0.957143  0.518219\n",
      "14        lrtest         40  0.795918  0.321429  0.985714  0.380531\n",
      "15  params_ftest          5  0.596939  0.839286  0.500000  0.255720\n",
      "16  params_ftest         10  0.785714  0.785714  0.785714  0.521173\n",
      "17  params_ftest         15  0.836735  0.714286  0.885714  0.600000\n",
      "18  params_ftest         25  0.826531  0.500000  0.957143  0.518219\n",
      "19  params_ftest         40  0.795918  0.321429  0.985714  0.380531\n"
     ]
    }
   ],
   "source": [
    "t = main()"
   ]
  },
  {
   "cell_type": "code",
   "execution_count": 27,
   "metadata": {},
   "outputs": [
    {
     "data": {
      "text/html": [
       "<div>\n",
       "<style scoped>\n",
       "    .dataframe tbody tr th:only-of-type {\n",
       "        vertical-align: middle;\n",
       "    }\n",
       "\n",
       "    .dataframe tbody tr th {\n",
       "        vertical-align: top;\n",
       "    }\n",
       "\n",
       "    .dataframe thead th {\n",
       "        text-align: right;\n",
       "    }\n",
       "</style>\n",
       "<table border=\"1\" class=\"dataframe\">\n",
       "  <thead>\n",
       "    <tr style=\"text-align: right;\">\n",
       "      <th></th>\n",
       "      <th>test</th>\n",
       "      <th>threshold</th>\n",
       "      <th>acc</th>\n",
       "      <th>sen</th>\n",
       "      <th>spe</th>\n",
       "      <th>kappa</th>\n",
       "    </tr>\n",
       "  </thead>\n",
       "  <tbody>\n",
       "    <tr>\n",
       "      <th>2</th>\n",
       "      <td>ssr_ftest</td>\n",
       "      <td>15</td>\n",
       "      <td>0.836735</td>\n",
       "      <td>0.714286</td>\n",
       "      <td>0.885714</td>\n",
       "      <td>0.600000</td>\n",
       "    </tr>\n",
       "    <tr>\n",
       "      <th>7</th>\n",
       "      <td>ssr_chi2test</td>\n",
       "      <td>15</td>\n",
       "      <td>0.836735</td>\n",
       "      <td>0.714286</td>\n",
       "      <td>0.885714</td>\n",
       "      <td>0.600000</td>\n",
       "    </tr>\n",
       "    <tr>\n",
       "      <th>12</th>\n",
       "      <td>lrtest</td>\n",
       "      <td>15</td>\n",
       "      <td>0.836735</td>\n",
       "      <td>0.714286</td>\n",
       "      <td>0.885714</td>\n",
       "      <td>0.600000</td>\n",
       "    </tr>\n",
       "    <tr>\n",
       "      <th>17</th>\n",
       "      <td>params_ftest</td>\n",
       "      <td>15</td>\n",
       "      <td>0.836735</td>\n",
       "      <td>0.714286</td>\n",
       "      <td>0.885714</td>\n",
       "      <td>0.600000</td>\n",
       "    </tr>\n",
       "    <tr>\n",
       "      <th>16</th>\n",
       "      <td>params_ftest</td>\n",
       "      <td>10</td>\n",
       "      <td>0.785714</td>\n",
       "      <td>0.785714</td>\n",
       "      <td>0.785714</td>\n",
       "      <td>0.521173</td>\n",
       "    </tr>\n",
       "    <tr>\n",
       "      <th>6</th>\n",
       "      <td>ssr_chi2test</td>\n",
       "      <td>10</td>\n",
       "      <td>0.785714</td>\n",
       "      <td>0.785714</td>\n",
       "      <td>0.785714</td>\n",
       "      <td>0.521173</td>\n",
       "    </tr>\n",
       "    <tr>\n",
       "      <th>1</th>\n",
       "      <td>ssr_ftest</td>\n",
       "      <td>10</td>\n",
       "      <td>0.785714</td>\n",
       "      <td>0.785714</td>\n",
       "      <td>0.785714</td>\n",
       "      <td>0.521173</td>\n",
       "    </tr>\n",
       "    <tr>\n",
       "      <th>11</th>\n",
       "      <td>lrtest</td>\n",
       "      <td>10</td>\n",
       "      <td>0.785714</td>\n",
       "      <td>0.785714</td>\n",
       "      <td>0.785714</td>\n",
       "      <td>0.521173</td>\n",
       "    </tr>\n",
       "    <tr>\n",
       "      <th>3</th>\n",
       "      <td>ssr_ftest</td>\n",
       "      <td>25</td>\n",
       "      <td>0.826531</td>\n",
       "      <td>0.500000</td>\n",
       "      <td>0.957143</td>\n",
       "      <td>0.518219</td>\n",
       "    </tr>\n",
       "    <tr>\n",
       "      <th>18</th>\n",
       "      <td>params_ftest</td>\n",
       "      <td>25</td>\n",
       "      <td>0.826531</td>\n",
       "      <td>0.500000</td>\n",
       "      <td>0.957143</td>\n",
       "      <td>0.518219</td>\n",
       "    </tr>\n",
       "    <tr>\n",
       "      <th>8</th>\n",
       "      <td>ssr_chi2test</td>\n",
       "      <td>25</td>\n",
       "      <td>0.826531</td>\n",
       "      <td>0.500000</td>\n",
       "      <td>0.957143</td>\n",
       "      <td>0.518219</td>\n",
       "    </tr>\n",
       "    <tr>\n",
       "      <th>13</th>\n",
       "      <td>lrtest</td>\n",
       "      <td>25</td>\n",
       "      <td>0.826531</td>\n",
       "      <td>0.500000</td>\n",
       "      <td>0.957143</td>\n",
       "      <td>0.518219</td>\n",
       "    </tr>\n",
       "    <tr>\n",
       "      <th>19</th>\n",
       "      <td>params_ftest</td>\n",
       "      <td>40</td>\n",
       "      <td>0.795918</td>\n",
       "      <td>0.321429</td>\n",
       "      <td>0.985714</td>\n",
       "      <td>0.380531</td>\n",
       "    </tr>\n",
       "    <tr>\n",
       "      <th>4</th>\n",
       "      <td>ssr_ftest</td>\n",
       "      <td>40</td>\n",
       "      <td>0.795918</td>\n",
       "      <td>0.321429</td>\n",
       "      <td>0.985714</td>\n",
       "      <td>0.380531</td>\n",
       "    </tr>\n",
       "    <tr>\n",
       "      <th>9</th>\n",
       "      <td>ssr_chi2test</td>\n",
       "      <td>40</td>\n",
       "      <td>0.795918</td>\n",
       "      <td>0.321429</td>\n",
       "      <td>0.985714</td>\n",
       "      <td>0.380531</td>\n",
       "    </tr>\n",
       "    <tr>\n",
       "      <th>14</th>\n",
       "      <td>lrtest</td>\n",
       "      <td>40</td>\n",
       "      <td>0.795918</td>\n",
       "      <td>0.321429</td>\n",
       "      <td>0.985714</td>\n",
       "      <td>0.380531</td>\n",
       "    </tr>\n",
       "    <tr>\n",
       "      <th>0</th>\n",
       "      <td>ssr_ftest</td>\n",
       "      <td>5</td>\n",
       "      <td>0.596939</td>\n",
       "      <td>0.839286</td>\n",
       "      <td>0.500000</td>\n",
       "      <td>0.255720</td>\n",
       "    </tr>\n",
       "    <tr>\n",
       "      <th>15</th>\n",
       "      <td>params_ftest</td>\n",
       "      <td>5</td>\n",
       "      <td>0.596939</td>\n",
       "      <td>0.839286</td>\n",
       "      <td>0.500000</td>\n",
       "      <td>0.255720</td>\n",
       "    </tr>\n",
       "    <tr>\n",
       "      <th>5</th>\n",
       "      <td>ssr_chi2test</td>\n",
       "      <td>5</td>\n",
       "      <td>0.596939</td>\n",
       "      <td>0.839286</td>\n",
       "      <td>0.500000</td>\n",
       "      <td>0.255720</td>\n",
       "    </tr>\n",
       "    <tr>\n",
       "      <th>10</th>\n",
       "      <td>lrtest</td>\n",
       "      <td>5</td>\n",
       "      <td>0.596939</td>\n",
       "      <td>0.839286</td>\n",
       "      <td>0.500000</td>\n",
       "      <td>0.255720</td>\n",
       "    </tr>\n",
       "  </tbody>\n",
       "</table>\n",
       "</div>"
      ],
      "text/plain": [
       "            test  threshold       acc       sen       spe     kappa\n",
       "2      ssr_ftest         15  0.836735  0.714286  0.885714  0.600000\n",
       "7   ssr_chi2test         15  0.836735  0.714286  0.885714  0.600000\n",
       "12        lrtest         15  0.836735  0.714286  0.885714  0.600000\n",
       "17  params_ftest         15  0.836735  0.714286  0.885714  0.600000\n",
       "16  params_ftest         10  0.785714  0.785714  0.785714  0.521173\n",
       "6   ssr_chi2test         10  0.785714  0.785714  0.785714  0.521173\n",
       "1      ssr_ftest         10  0.785714  0.785714  0.785714  0.521173\n",
       "11        lrtest         10  0.785714  0.785714  0.785714  0.521173\n",
       "3      ssr_ftest         25  0.826531  0.500000  0.957143  0.518219\n",
       "18  params_ftest         25  0.826531  0.500000  0.957143  0.518219\n",
       "8   ssr_chi2test         25  0.826531  0.500000  0.957143  0.518219\n",
       "13        lrtest         25  0.826531  0.500000  0.957143  0.518219\n",
       "19  params_ftest         40  0.795918  0.321429  0.985714  0.380531\n",
       "4      ssr_ftest         40  0.795918  0.321429  0.985714  0.380531\n",
       "9   ssr_chi2test         40  0.795918  0.321429  0.985714  0.380531\n",
       "14        lrtest         40  0.795918  0.321429  0.985714  0.380531\n",
       "0      ssr_ftest          5  0.596939  0.839286  0.500000  0.255720\n",
       "15  params_ftest          5  0.596939  0.839286  0.500000  0.255720\n",
       "5   ssr_chi2test          5  0.596939  0.839286  0.500000  0.255720\n",
       "10        lrtest          5  0.596939  0.839286  0.500000  0.255720"
      ]
     },
     "execution_count": 27,
     "metadata": {},
     "output_type": "execute_result"
    }
   ],
   "source": [
    "t.sort_values(by=[' kappa'], ascending=False)"
   ]
  },
  {
   "cell_type": "code",
   "execution_count": 28,
   "metadata": {},
   "outputs": [
    {
     "data": {
      "text/html": [
       "<div>\n",
       "<style scoped>\n",
       "    .dataframe tbody tr th:only-of-type {\n",
       "        vertical-align: middle;\n",
       "    }\n",
       "\n",
       "    .dataframe tbody tr th {\n",
       "        vertical-align: top;\n",
       "    }\n",
       "\n",
       "    .dataframe thead th {\n",
       "        text-align: right;\n",
       "    }\n",
       "</style>\n",
       "<table border=\"1\" class=\"dataframe\">\n",
       "  <thead>\n",
       "    <tr style=\"text-align: right;\">\n",
       "      <th></th>\n",
       "      <th>test</th>\n",
       "      <th>threshold</th>\n",
       "      <th>acc</th>\n",
       "      <th>sen</th>\n",
       "      <th>spe</th>\n",
       "      <th>kappa</th>\n",
       "    </tr>\n",
       "  </thead>\n",
       "  <tbody>\n",
       "    <tr>\n",
       "      <th>2</th>\n",
       "      <td>ssr_ftest</td>\n",
       "      <td>15</td>\n",
       "      <td>0.836735</td>\n",
       "      <td>0.714286</td>\n",
       "      <td>0.885714</td>\n",
       "      <td>0.600000</td>\n",
       "    </tr>\n",
       "    <tr>\n",
       "      <th>7</th>\n",
       "      <td>ssr_chi2test</td>\n",
       "      <td>15</td>\n",
       "      <td>0.836735</td>\n",
       "      <td>0.714286</td>\n",
       "      <td>0.885714</td>\n",
       "      <td>0.600000</td>\n",
       "    </tr>\n",
       "    <tr>\n",
       "      <th>12</th>\n",
       "      <td>lrtest</td>\n",
       "      <td>15</td>\n",
       "      <td>0.836735</td>\n",
       "      <td>0.714286</td>\n",
       "      <td>0.885714</td>\n",
       "      <td>0.600000</td>\n",
       "    </tr>\n",
       "    <tr>\n",
       "      <th>17</th>\n",
       "      <td>params_ftest</td>\n",
       "      <td>15</td>\n",
       "      <td>0.836735</td>\n",
       "      <td>0.714286</td>\n",
       "      <td>0.885714</td>\n",
       "      <td>0.600000</td>\n",
       "    </tr>\n",
       "    <tr>\n",
       "      <th>3</th>\n",
       "      <td>ssr_ftest</td>\n",
       "      <td>25</td>\n",
       "      <td>0.826531</td>\n",
       "      <td>0.500000</td>\n",
       "      <td>0.957143</td>\n",
       "      <td>0.518219</td>\n",
       "    </tr>\n",
       "    <tr>\n",
       "      <th>18</th>\n",
       "      <td>params_ftest</td>\n",
       "      <td>25</td>\n",
       "      <td>0.826531</td>\n",
       "      <td>0.500000</td>\n",
       "      <td>0.957143</td>\n",
       "      <td>0.518219</td>\n",
       "    </tr>\n",
       "    <tr>\n",
       "      <th>8</th>\n",
       "      <td>ssr_chi2test</td>\n",
       "      <td>25</td>\n",
       "      <td>0.826531</td>\n",
       "      <td>0.500000</td>\n",
       "      <td>0.957143</td>\n",
       "      <td>0.518219</td>\n",
       "    </tr>\n",
       "    <tr>\n",
       "      <th>13</th>\n",
       "      <td>lrtest</td>\n",
       "      <td>25</td>\n",
       "      <td>0.826531</td>\n",
       "      <td>0.500000</td>\n",
       "      <td>0.957143</td>\n",
       "      <td>0.518219</td>\n",
       "    </tr>\n",
       "    <tr>\n",
       "      <th>19</th>\n",
       "      <td>params_ftest</td>\n",
       "      <td>40</td>\n",
       "      <td>0.795918</td>\n",
       "      <td>0.321429</td>\n",
       "      <td>0.985714</td>\n",
       "      <td>0.380531</td>\n",
       "    </tr>\n",
       "    <tr>\n",
       "      <th>4</th>\n",
       "      <td>ssr_ftest</td>\n",
       "      <td>40</td>\n",
       "      <td>0.795918</td>\n",
       "      <td>0.321429</td>\n",
       "      <td>0.985714</td>\n",
       "      <td>0.380531</td>\n",
       "    </tr>\n",
       "    <tr>\n",
       "      <th>9</th>\n",
       "      <td>ssr_chi2test</td>\n",
       "      <td>40</td>\n",
       "      <td>0.795918</td>\n",
       "      <td>0.321429</td>\n",
       "      <td>0.985714</td>\n",
       "      <td>0.380531</td>\n",
       "    </tr>\n",
       "    <tr>\n",
       "      <th>14</th>\n",
       "      <td>lrtest</td>\n",
       "      <td>40</td>\n",
       "      <td>0.795918</td>\n",
       "      <td>0.321429</td>\n",
       "      <td>0.985714</td>\n",
       "      <td>0.380531</td>\n",
       "    </tr>\n",
       "    <tr>\n",
       "      <th>16</th>\n",
       "      <td>params_ftest</td>\n",
       "      <td>10</td>\n",
       "      <td>0.785714</td>\n",
       "      <td>0.785714</td>\n",
       "      <td>0.785714</td>\n",
       "      <td>0.521173</td>\n",
       "    </tr>\n",
       "    <tr>\n",
       "      <th>6</th>\n",
       "      <td>ssr_chi2test</td>\n",
       "      <td>10</td>\n",
       "      <td>0.785714</td>\n",
       "      <td>0.785714</td>\n",
       "      <td>0.785714</td>\n",
       "      <td>0.521173</td>\n",
       "    </tr>\n",
       "    <tr>\n",
       "      <th>1</th>\n",
       "      <td>ssr_ftest</td>\n",
       "      <td>10</td>\n",
       "      <td>0.785714</td>\n",
       "      <td>0.785714</td>\n",
       "      <td>0.785714</td>\n",
       "      <td>0.521173</td>\n",
       "    </tr>\n",
       "    <tr>\n",
       "      <th>11</th>\n",
       "      <td>lrtest</td>\n",
       "      <td>10</td>\n",
       "      <td>0.785714</td>\n",
       "      <td>0.785714</td>\n",
       "      <td>0.785714</td>\n",
       "      <td>0.521173</td>\n",
       "    </tr>\n",
       "    <tr>\n",
       "      <th>0</th>\n",
       "      <td>ssr_ftest</td>\n",
       "      <td>5</td>\n",
       "      <td>0.596939</td>\n",
       "      <td>0.839286</td>\n",
       "      <td>0.500000</td>\n",
       "      <td>0.255720</td>\n",
       "    </tr>\n",
       "    <tr>\n",
       "      <th>15</th>\n",
       "      <td>params_ftest</td>\n",
       "      <td>5</td>\n",
       "      <td>0.596939</td>\n",
       "      <td>0.839286</td>\n",
       "      <td>0.500000</td>\n",
       "      <td>0.255720</td>\n",
       "    </tr>\n",
       "    <tr>\n",
       "      <th>5</th>\n",
       "      <td>ssr_chi2test</td>\n",
       "      <td>5</td>\n",
       "      <td>0.596939</td>\n",
       "      <td>0.839286</td>\n",
       "      <td>0.500000</td>\n",
       "      <td>0.255720</td>\n",
       "    </tr>\n",
       "    <tr>\n",
       "      <th>10</th>\n",
       "      <td>lrtest</td>\n",
       "      <td>5</td>\n",
       "      <td>0.596939</td>\n",
       "      <td>0.839286</td>\n",
       "      <td>0.500000</td>\n",
       "      <td>0.255720</td>\n",
       "    </tr>\n",
       "  </tbody>\n",
       "</table>\n",
       "</div>"
      ],
      "text/plain": [
       "            test  threshold       acc       sen       spe     kappa\n",
       "2      ssr_ftest         15  0.836735  0.714286  0.885714  0.600000\n",
       "7   ssr_chi2test         15  0.836735  0.714286  0.885714  0.600000\n",
       "12        lrtest         15  0.836735  0.714286  0.885714  0.600000\n",
       "17  params_ftest         15  0.836735  0.714286  0.885714  0.600000\n",
       "3      ssr_ftest         25  0.826531  0.500000  0.957143  0.518219\n",
       "18  params_ftest         25  0.826531  0.500000  0.957143  0.518219\n",
       "8   ssr_chi2test         25  0.826531  0.500000  0.957143  0.518219\n",
       "13        lrtest         25  0.826531  0.500000  0.957143  0.518219\n",
       "19  params_ftest         40  0.795918  0.321429  0.985714  0.380531\n",
       "4      ssr_ftest         40  0.795918  0.321429  0.985714  0.380531\n",
       "9   ssr_chi2test         40  0.795918  0.321429  0.985714  0.380531\n",
       "14        lrtest         40  0.795918  0.321429  0.985714  0.380531\n",
       "16  params_ftest         10  0.785714  0.785714  0.785714  0.521173\n",
       "6   ssr_chi2test         10  0.785714  0.785714  0.785714  0.521173\n",
       "1      ssr_ftest         10  0.785714  0.785714  0.785714  0.521173\n",
       "11        lrtest         10  0.785714  0.785714  0.785714  0.521173\n",
       "0      ssr_ftest          5  0.596939  0.839286  0.500000  0.255720\n",
       "15  params_ftest          5  0.596939  0.839286  0.500000  0.255720\n",
       "5   ssr_chi2test          5  0.596939  0.839286  0.500000  0.255720\n",
       "10        lrtest          5  0.596939  0.839286  0.500000  0.255720"
      ]
     },
     "execution_count": 28,
     "metadata": {},
     "output_type": "execute_result"
    }
   ],
   "source": [
    "t.sort_values(by=['acc'], ascending=False)"
   ]
  },
  {
   "cell_type": "code",
   "execution_count": null,
   "metadata": {},
   "outputs": [],
   "source": []
  }
 ],
 "metadata": {
  "kernelspec": {
   "display_name": "Python 3",
   "language": "python",
   "name": "python3"
  },
  "language_info": {
   "codemirror_mode": {
    "name": "ipython",
    "version": 3
   },
   "file_extension": ".py",
   "mimetype": "text/x-python",
   "name": "python",
   "nbconvert_exporter": "python",
   "pygments_lexer": "ipython3",
   "version": "3.9.4"
  }
 },
 "nbformat": 4,
 "nbformat_minor": 4
}
